Log Purged - 2018-11-24 21:42:08.375533
<<2018-11-24 21:42:08.375725>> Control: Starting Server Thread
<<2018-11-24 21:42:08.376029>> Control: Start Threa
<<2018-11-24 21:42:08.380597>> Control: Server Starting
<<2018-11-24 21:42:08.380380>> Control: START THREAD!!!!!
<<2018-11-24 21:42:08.382312>> Control: Socket Object Started
<<2018-11-24 21:42:08.386050>> Control: Enterting Client Loop
<<2018-11-24 21:51:34.304240>> Control: Starting Server Thread
<<2018-11-24 21:51:34.304626>> Control: Start Threa
<<2018-11-24 21:51:34.309304>> Control: Server Starting
<<2018-11-24 21:51:34.308952>> Control: START THREAD!!!!!
<<2018-11-24 21:51:34.311114>> Control: Socket Object Started
<<2018-11-24 21:51:34.315519>> Control: Enterting Client Loop
<<2018-11-24 21:52:32.048165>> Control: Starting Server Thread
<<2018-11-24 21:52:32.048322>> Control: Start Threa
<<2018-11-24 21:52:32.050306>> Control: START THREAD!!!!!
<<2018-11-24 21:52:32.051443>> Control: Server Starting
<<2018-11-24 21:52:32.053002>> Control: Socket Object Started
<<2018-11-24 21:52:32.056642>> Control: Enterting Client Loop
<<2018-11-24 21:58:13.161614>> Control: Starting Server Thread
<<2018-11-24 21:58:13.166861>> Control: Start Threa
<<2018-11-24 21:58:13.169925>> Control: Server Starting
<<2018-11-24 21:58:13.169527>> Control: START THREAD!!!!!
<<2018-11-24 21:58:13.171499>> Control: Socket Object Started
<<2018-11-24 21:58:13.174685>> Control: Enterting Client Loop
<<2018-11-24 21:58:28.242168>> Control: Starting Server Thread
<<2018-11-24 21:58:28.245748>> Control: Start Threa
<<2018-11-24 21:58:28.246863>> Control: START THREAD!!!!!
<<2018-11-24 21:58:28.249135>> Control: Server Starting
<<2018-11-24 21:58:28.254621>> Control: Socket Object Started
<<2018-11-24 21:58:28.264036>> Control: Enterting Server Loop
<<2018-11-24 21:58:39.452904>> Client: Client Connected
<<2018-11-24 21:58:39.453379>> Client_info: Client object started
<<2018-11-24 21:58:39.453709>> Client: Client Entering Loop
<<2018-11-24 21:58:39.454043>> Client_info: Loop point 1
<<2018-11-24 21:58:39.454692>> Client_info: Recv Loop init
<<2018-11-24 21:58:39.455139>> Client_info: Send Loop init
<<2018-11-24 21:58:41.684792>> packet_in: Got  data: Illin
<<2018-11-24 21:59:01.877029>> Control: Starting Server Thread
<<2018-11-24 21:59:01.881237>> Control: Enterting Client Loop
<<2018-11-24 21:59:01.882374>> Control: Start Threa
<<2018-11-24 21:59:01.883565>> Control: START THREAD!!!!!
<<2018-11-24 21:59:01.885728>> Control: Server Starting
<<2018-11-24 21:59:01.889042>> Control: Socket Object Started
<<2018-11-24 21:59:01.898458>> Control: Enterting Server Loop
<<2018-11-24 22:00:33.216079>> Control: Starting User Thread
<<2018-11-24 22:00:33.218895>> Control: Enterting Client Loop
<<2018-11-24 22:00:33.219988>> Control: Start Server Thread
<<2018-11-24 22:00:33.222363>> Control: Server Starting
<<2018-11-24 22:00:33.224040>> Control: Socket Object Started
<<2018-11-24 22:00:33.229944>> Control: Enterting Server Loop
<<2018-11-24 22:00:53.890317>> Control: Starting User Thread
<<2018-11-24 22:00:53.894648>> Control: Enterting Client Loop
<<2018-11-24 22:00:53.895234>> Control: Enterting Client Loop
<<2018-11-24 22:00:53.895474>> Control: Enterting Client Loop
<<2018-11-24 22:00:53.895689>> Control: Enterting Client Loop
<<2018-11-24 22:00:53.895931>> Control: Enterting Client Loop
<<2018-11-24 22:00:53.896341>> Control: Enterting Client Loop
<<2018-11-24 22:00:53.896574>> Control: Enterting Client Loop
<<2018-11-24 22:00:53.896796>> Control: Enterting Client Loop
<<2018-11-24 22:00:53.897020>> Control: Enterting Client Loop
<<2018-11-24 22:00:53.897242>> Control: Enterting Client Loop
<<2018-11-24 22:00:53.897453>> Control: Enterting Client Loop
<<2018-11-24 22:00:53.897664>> Control: Enterting Client Loop
<<2018-11-24 22:00:53.897886>> Control: Enterting Client Loop
<<2018-11-24 22:00:53.898101>> Control: Enterting Client Loop
<<2018-11-24 22:00:53.898334>> Control: Enterting Client Loop
<<2018-11-24 22:00:53.898543>> Control: Enterting Client Loop
<<2018-11-24 22:00:53.898757>> Control: Enterting Client Loop
<<2018-11-24 22:00:53.898988>> Control: Enterting Client Loop
<<2018-11-24 22:00:53.899184>> Control: Enterting Client Loop
<<2018-11-24 22:00:53.899399>> Control: Enterting Client Loop
<<2018-11-24 22:00:53.899610>> Control: Enterting Client Loop
<<2018-11-24 22:00:53.899824>> Control: Enterting Client Loop
<<2018-11-24 22:00:53.900039>> Control: Enterting Client Loop
<<2018-11-24 22:00:53.900249>> Control: Enterting Client Loop
<<2018-11-24 22:00:53.900453>> Control: Enterting Client Loop
<<2018-11-24 22:00:53.900656>> Control: Enterting Client Loop
<<2018-11-24 22:00:53.900866>> Control: Enterting Client Loop
<<2018-11-24 22:00:53.901070>> Control: Enterting Client Loop
<<2018-11-24 22:00:53.901276>> Control: Enterting Client Loop
<<2018-11-24 22:00:53.901481>> Control: Enterting Client Loop
<<2018-11-24 22:00:53.901682>> Control: Enterting Client Loop
<<2018-11-24 22:00:53.901897>> Control: Enterting Client Loop
<<2018-11-24 22:00:53.902097>> Control: Enterting Client Loop
<<2018-11-24 22:00:53.902529>> Control: Enterting Client Loop
<<2018-11-24 22:00:53.902753>> Control: Enterting Client Loop
<<2018-11-24 22:00:53.902959>> Control: Enterting Client Loop
<<2018-11-24 22:00:53.903176>> Control: Enterting Client Loop
<<2018-11-24 22:00:53.903389>> Control: Enterting Client Loop
<<2018-11-24 22:00:53.903609>> Control: Enterting Client Loop
<<2018-11-24 22:00:53.903817>> Control: Enterting Client Loop
<<2018-11-24 22:00:53.904021>> Control: Enterting Client Loop
<<2018-11-24 22:00:53.904236>> Control: Enterting Client Loop
<<2018-11-24 22:00:53.904445>> Control: Enterting Client Loop
<<2018-11-24 22:00:53.904652>> Control: Enterting Client Loop
<<2018-11-24 22:00:53.904859>> Control: Enterting Client Loop
<<2018-11-24 22:00:53.905069>> Control: Enterting Client Loop
<<2018-11-24 22:00:53.905273>> Control: Enterting Client Loop
<<2018-11-24 22:00:53.905488>> Control: Enterting Client Loop
<<2018-11-24 22:00:53.905696>> Control: Enterting Client Loop
<<2018-11-24 22:00:53.905904>> Control: Enterting Client Loop
<<2018-11-24 22:00:53.906109>> Control: Enterting Client Loop
<<2018-11-24 22:00:53.906341>> Control: Enterting Client Loop
<<2018-11-24 22:00:53.906555>> Control: Enterting Client Loop
<<2018-11-24 22:00:53.906773>> Control: Enterting Client Loop
<<2018-11-24 22:00:53.906984>> Control: Enterting Client Loop
<<2018-11-24 22:00:53.907195>> Control: Enterting Client Loop
<<2018-11-24 22:00:53.907402>> Control: Enterting Client Loop
<<2018-11-24 22:00:53.907610>> Control: Enterting Client Loop
<<2018-11-24 22:00:53.907818>> Control: Enterting Client Loop
<<2018-11-24 22:00:53.908030>> Control: Enterting Client Loop
<<2018-11-24 22:00:53.908243>> Control: Enterting Client Loop
<<2018-11-24 22:00:53.908448>> Control: Enterting Client Loop
<<2018-11-24 22:00:53.908654>> Control: Enterting Client Loop
<<2018-11-24 22:00:53.908852>> Control: Enterting Client Loop
<<2018-11-24 22:00:53.909060>> Control: Enterting Client Loop
<<2018-11-24 22:00:53.909276>> Control: Enterting Client Loop
<<2018-11-24 22:00:53.909483>> Control: Enterting Client Loop
<<2018-11-24 22:00:53.909694>> Control: Enterting Client Loop
<<2018-11-24 22:00:53.909904>> Control: Enterting Client Loop
<<2018-11-24 22:00:53.910116>> Control: Enterting Client Loop
<<2018-11-24 22:00:53.910360>> Control: Enterting Client Loop
<<2018-11-24 22:00:53.910571>> Control: Enterting Client Loop
<<2018-11-24 22:00:53.910774>> Control: Enterting Client Loop
<<2018-11-24 22:00:53.910983>> Control: Enterting Client Loop
<<2018-11-24 22:00:53.911193>> Control: Enterting Client Loop
<<2018-11-24 22:00:53.911409>> Control: Enterting Client Loop
<<2018-11-24 22:00:53.912100>> Control: Enterting Client Loop
<<2018-11-24 22:00:53.912323>> Control: Enterting Client Loop
<<2018-11-24 22:00:53.912537>> Control: Enterting Client Loop
<<2018-11-24 22:00:53.912744>> Control: Enterting Client Loop
<<2018-11-24 22:00:53.912955>> Control: Enterting Client Loop
<<2018-11-24 22:00:53.913162>> Control: Enterting Client Loop
<<2018-11-24 22:00:53.913369>> Control: Enterting Client Loop
<<2018-11-24 22:00:53.913594>> Control: Enterting Client Loop
<<2018-11-24 22:00:53.913795>> Control: Enterting Client Loop
<<2018-11-24 22:00:53.913990>> Control: Enterting Client Loop
<<2018-11-24 22:00:53.914190>> Control: Enterting Client Loop
<<2018-11-24 22:00:53.914431>> Control: Enterting Client Loop
<<2018-11-24 22:00:53.914637>> Control: Enterting Client Loop
<<2018-11-24 22:00:53.914841>> Control: Enterting Client Loop
<<2018-11-24 22:00:53.915052>> Control: Enterting Client Loop
<<2018-11-24 22:00:53.915252>> Control: Enterting Client Loop
<<2018-11-24 22:00:53.915456>> Control: Enterting Client Loop
<<2018-11-24 22:00:53.915666>> Control: Enterting Client Loop
<<2018-11-24 22:00:53.915875>> Control: Enterting Client Loop
<<2018-11-24 22:00:53.916082>> Control: Enterting Client Loop
<<2018-11-24 22:00:53.916283>> Control: Enterting Client Loop
<<2018-11-24 22:00:53.916488>> Control: Enterting Client Loop
<<2018-11-24 22:00:53.916698>> Control: Enterting Client Loop
<<2018-11-24 22:00:53.916904>> Control: Enterting Client Loop
<<2018-11-24 22:00:53.917113>> Control: Enterting Client Loop
<<2018-11-24 22:00:53.917329>> Control: Enterting Client Loop
<<2018-11-24 22:00:53.917637>> Control: Enterting Client Loop
<<2018-11-24 22:00:53.917855>> Control: Enterting Client Loop
<<2018-11-24 22:00:53.918062>> Control: Enterting Client Loop
<<2018-11-24 22:00:53.918285>> Control: Enterting Client Loop
<<2018-11-24 22:00:53.918501>> Control: Enterting Client Loop
<<2018-11-24 22:00:53.918701>> Control: Enterting Client Loop
<<2018-11-24 22:00:53.918894>> Control: Enterting Client Loop
<<2018-11-24 22:00:53.919102>> Control: Enterting Client Loop
<<2018-11-24 22:00:53.919322>> Control: Enterting Client Loop
<<2018-11-24 22:00:53.919536>> Control: Enterting Client Loop
<<2018-11-24 22:00:53.919737>> Control: Enterting Client Loop
<<2018-11-24 22:00:53.919949>> Control: Enterting Client Loop
<<2018-11-24 22:00:53.920158>> Control: Enterting Client Loop
<<2018-11-24 22:00:53.920363>> Control: Enterting Client Loop
<<2018-11-24 22:00:53.920561>> Control: Enterting Client Loop
<<2018-11-24 22:00:53.920773>> Control: Enterting Client Loop
<<2018-11-24 22:00:53.920980>> Control: Enterting Client Loop
<<2018-11-24 22:00:53.921186>> Control: Enterting Client Loop
<<2018-11-24 22:00:53.921398>> Control: Enterting Client Loop
<<2018-11-24 22:00:53.921605>> Control: Enterting Client Loop
<<2018-11-24 22:00:53.921817>> Control: Enterting Client Loop
<<2018-11-24 22:00:53.922028>> Control: Enterting Client Loop
<<2018-11-24 22:00:53.922260>> Control: Enterting Client Loop
<<2018-11-24 22:00:53.922473>> Control: Enterting Client Loop
<<2018-11-24 22:00:53.922683>> Control: Enterting Client Loop
<<2018-11-24 22:00:53.922891>> Control: Enterting Client Loop
<<2018-11-24 22:00:53.923110>> Control: Enterting Client Loop
<<2018-11-24 22:00:53.923315>> Control: Enterting Client Loop
<<2018-11-24 22:00:53.923524>> Control: Enterting Client Loop
<<2018-11-24 22:00:53.923730>> Control: Enterting Client Loop
<<2018-11-24 22:00:53.923933>> Control: Enterting Client Loop
<<2018-11-24 22:00:53.924123>> Control: Enterting Client Loop
<<2018-11-24 22:00:53.924322>> Control: Enterting Client Loop
<<2018-11-24 22:00:53.924514>> Control: Enterting Client Loop
<<2018-11-24 22:00:53.924714>> Control: Enterting Client Loop
<<2018-11-24 22:00:53.924913>> Control: Enterting Client Loop
<<2018-11-24 22:00:53.925103>> Control: Enterting Client Loop
<<2018-11-24 22:00:53.925303>> Control: Enterting Client Loop
<<2018-11-24 22:00:53.925494>> Control: Enterting Client Loop
<<2018-11-24 22:00:53.925686>> Control: Enterting Client Loop
<<2018-11-24 22:00:53.925878>> Control: Enterting Client Loop
<<2018-11-24 22:00:53.926067>> Control: Enterting Client Loop
<<2018-11-24 22:00:53.926305>> Control: Enterting Client Loop
<<2018-11-24 22:00:53.926518>> Control: Enterting Client Loop
<<2018-11-24 22:00:53.926725>> Control: Enterting Client Loop
<<2018-11-24 22:00:53.926935>> Control: Enterting Client Loop
<<2018-11-24 22:00:53.927150>> Control: Enterting Client Loop
<<2018-11-24 22:00:53.927384>> Control: Enterting Client Loop
<<2018-11-24 22:00:53.927596>> Control: Enterting Client Loop
<<2018-11-24 22:00:53.927796>> Control: Enterting Client Loop
<<2018-11-24 22:00:53.928012>> Control: Enterting Client Loop
<<2018-11-24 22:00:53.928222>> Control: Enterting Client Loop
<<2018-11-24 22:00:53.928431>> Control: Enterting Client Loop
<<2018-11-24 22:00:53.928637>> Control: Enterting Client Loop
<<2018-11-24 22:00:53.928848>> Control: Enterting Client Loop
<<2018-11-24 22:00:53.929057>> Control: Enterting Client Loop
<<2018-11-24 22:00:53.929267>> Control: Enterting Client Loop
<<2018-11-24 22:00:53.929469>> Control: Enterting Client Loop
<<2018-11-24 22:00:53.929678>> Control: Enterting Client Loop
<<2018-11-24 22:00:53.929891>> Control: Enterting Client Loop
<<2018-11-24 22:00:53.930099>> Control: Enterting Client Loop
<<2018-11-24 22:00:53.930330>> Control: Enterting Client Loop
<<2018-11-24 22:00:53.930544>> Control: Enterting Client Loop
<<2018-11-24 22:00:53.930752>> Control: Enterting Client Loop
<<2018-11-24 22:00:53.930967>> Control: Enterting Client Loop
<<2018-11-24 22:00:53.931167>> Control: Enterting Client Loop
<<2018-11-24 22:00:53.931375>> Control: Enterting Client Loop
<<2018-11-24 22:00:53.931565>> Control: Enterting Client Loop
<<2018-11-24 22:00:53.931779>> Control: Enterting Client Loop
<<2018-11-24 22:00:53.932000>> Control: Enterting Client Loop
<<2018-11-24 22:00:53.932207>> Control: Enterting Client Loop
<<2018-11-24 22:00:53.932411>> Control: Enterting Client Loop
<<2018-11-24 22:00:53.932603>> Control: Enterting Client Loop
<<2018-11-24 22:00:53.932809>> Control: Enterting Client Loop
<<2018-11-24 22:00:53.933019>> Control: Enterting Client Loop
<<2018-11-24 22:00:53.933209>> Control: Enterting Client Loop
<<2018-11-24 22:00:53.933406>> Control: Enterting Client Loop
<<2018-11-24 22:00:53.933611>> Control: Enterting Client Loop
<<2018-11-24 22:00:53.933823>> Control: Enterting Client Loop
<<2018-11-24 22:00:53.934030>> Control: Enterting Client Loop
<<2018-11-24 22:00:53.934290>> Control: Enterting Client Loop
<<2018-11-24 22:00:53.934499>> Control: Enterting Client Loop
<<2018-11-24 22:00:53.934702>> Control: Enterting Client Loop
<<2018-11-24 22:00:53.934912>> Control: Enterting Client Loop
<<2018-11-24 22:00:53.935127>> Control: Enterting Client Loop
<<2018-11-24 22:00:53.935338>> Control: Enterting Client Loop
<<2018-11-24 22:00:53.935547>> Control: Enterting Client Loop
<<2018-11-24 22:00:53.935757>> Control: Enterting Client Loop
<<2018-11-24 22:00:53.936458>> Control: Enterting Client Loop
<<2018-11-24 22:00:53.936673>> Control: Enterting Client Loop
<<2018-11-24 22:00:53.936870>> Control: Enterting Client Loop
<<2018-11-24 22:00:53.937071>> Control: Enterting Client Loop
<<2018-11-24 22:00:53.937268>> Control: Enterting Client Loop
<<2018-11-24 22:00:53.937452>> Control: Enterting Client Loop
<<2018-11-24 22:00:53.937640>> Control: Enterting Client Loop
<<2018-11-24 22:00:53.937831>> Control: Enterting Client Loop
<<2018-11-24 22:00:53.938016>> Control: Enterting Client Loop
<<2018-11-24 22:00:53.938345>> Control: Enterting Client Loop
<<2018-11-24 22:00:53.938568>> Control: Enterting Client Loop
<<2018-11-24 22:00:53.938786>> Control: Enterting Client Loop
<<2018-11-24 22:00:53.938988>> Control: Enterting Client Loop
<<2018-11-24 22:00:53.939187>> Control: Enterting Client Loop
<<2018-11-24 22:00:53.939397>> Control: Enterting Client Loop
<<2018-11-24 22:00:53.939601>> Control: Enterting Client Loop
<<2018-11-24 22:00:53.939805>> Control: Enterting Client Loop
<<2018-11-24 22:00:53.940010>> Control: Enterting Client Loop
<<2018-11-24 22:00:53.940211>> Control: Enterting Client Loop
<<2018-11-24 22:00:53.940412>> Control: Enterting Client Loop
<<2018-11-24 22:00:53.940612>> Control: Enterting Client Loop
<<2018-11-24 22:00:53.940807>> Control: Enterting Client Loop
<<2018-11-24 22:00:53.941019>> Control: Enterting Client Loop
<<2018-11-24 22:00:53.941227>> Control: Enterting Client Loop
<<2018-11-24 22:00:53.941432>> Control: Enterting Client Loop
<<2018-11-24 22:00:53.941666>> Control: Enterting Client Loop
<<2018-11-24 22:00:53.941878>> Control: Enterting Client Loop
<<2018-11-24 22:00:53.942092>> Control: Enterting Client Loop
<<2018-11-24 22:00:53.942350>> Control: Enterting Client Loop
<<2018-11-24 22:00:53.942561>> Control: Enterting Client Loop
<<2018-11-24 22:00:53.942772>> Control: Enterting Client Loop
<<2018-11-24 22:00:53.942977>> Control: Enterting Client Loop
<<2018-11-24 22:00:53.943190>> Control: Enterting Client Loop
<<2018-11-24 22:00:53.943413>> Control: Enterting Client Loop
<<2018-11-24 22:00:53.943624>> Control: Enterting Client Loop
<<2018-11-24 22:00:53.943815>> Control: Enterting Client Loop
<<2018-11-24 22:00:53.944027>> Control: Enterting Client Loop
<<2018-11-24 22:00:53.944235>> Control: Enterting Client Loop
<<2018-11-24 22:00:53.944443>> Control: Enterting Client Loop
<<2018-11-24 22:00:53.944708>> Control: Enterting Client Loop
<<2018-11-24 22:00:53.944925>> Control: Enterting Client Loop
<<2018-11-24 22:00:53.945172>> Control: Enterting Client Loop
<<2018-11-24 22:00:53.945471>> Control: Enterting Client Loop
<<2018-11-24 22:00:53.945772>> Control: Enterting Client Loop
<<2018-11-24 22:00:53.946040>> Control: Enterting Client Loop
<<2018-11-24 22:00:53.946294>> Control: Enterting Client Loop
<<2018-11-24 22:00:53.946506>> Control: Enterting Client Loop
<<2018-11-24 22:00:53.946719>> Control: Enterting Client Loop
<<2018-11-24 22:00:53.946928>> Control: Enterting Client Loop
<<2018-11-24 22:00:53.947136>> Control: Enterting Client Loop
<<2018-11-24 22:00:53.947347>> Control: Enterting Client Loop
<<2018-11-24 22:00:53.947552>> Control: Enterting Client Loop
<<2018-11-24 22:00:53.947763>> Control: Enterting Client Loop
<<2018-11-24 22:00:53.947970>> Control: Enterting Client Loop
<<2018-11-24 22:00:53.948179>> Control: Enterting Client Loop
<<2018-11-24 22:00:53.948386>> Control: Enterting Client Loop
<<2018-11-24 22:00:53.948591>> Control: Enterting Client Loop
<<2018-11-24 22:00:53.948799>> Control: Enterting Client Loop
<<2018-11-24 22:00:53.949004>> Control: Enterting Client Loop
<<2018-11-24 22:00:53.949209>> Control: Enterting Client Loop
<<2018-11-24 22:00:53.949419>> Control: Enterting Client Loop
<<2018-11-24 22:00:53.949629>> Control: Enterting Client Loop
<<2018-11-24 22:00:53.949834>> Control: Enterting Client Loop
<<2018-11-24 22:00:53.950042>> Control: Enterting Client Loop
<<2018-11-24 22:00:53.950267>> Control: Enterting Client Loop
<<2018-11-24 22:00:53.950482>> Control: Enterting Client Loop
<<2018-11-24 22:00:53.950689>> Control: Enterting Client Loop
<<2018-11-24 22:00:53.950897>> Control: Enterting Client Loop
<<2018-11-24 22:00:53.951108>> Control: Enterting Client Loop
<<2018-11-24 22:00:53.951318>> Control: Enterting Client Loop
<<2018-11-24 22:00:53.951528>> Control: Enterting Client Loop
<<2018-11-24 22:00:53.951739>> Control: Enterting Client Loop
<<2018-11-24 22:00:53.951950>> Control: Enterting Client Loop
<<2018-11-24 22:00:53.952171>> Control: Enterting Client Loop
<<2018-11-24 22:00:53.952361>> Control: Enterting Client Loop
<<2018-11-24 22:00:53.952543>> Control: Enterting Client Loop
<<2018-11-24 22:00:53.952752>> Control: Enterting Client Loop
<<2018-11-24 22:00:53.952957>> Control: Enterting Client Loop
<<2018-11-24 22:00:53.953163>> Control: Enterting Client Loop
<<2018-11-24 22:00:53.953369>> Control: Enterting Client Loop
<<2018-11-24 22:00:53.953579>> Control: Enterting Client Loop
<<2018-11-24 22:00:53.953798>> Control: Enterting Client Loop
<<2018-11-24 22:00:53.954003>> Control: Enterting Client Loop
<<2018-11-24 22:00:53.954221>> Control: Enterting Client Loop
<<2018-11-24 22:00:53.954431>> Control: Enterting Client Loop
<<2018-11-24 22:00:53.954636>> Control: Enterting Client Loop
<<2018-11-24 22:00:53.954847>> Control: Enterting Client Loop
<<2018-11-24 22:00:53.955055>> Control: Enterting Client Loop
<<2018-11-24 22:00:53.955262>> Control: Enterting Client Loop
<<2018-11-24 22:00:53.955473>> Control: Enterting Client Loop
<<2018-11-24 22:00:53.955673>> Control: Enterting Client Loop
<<2018-11-24 22:00:53.955900>> Control: Enterting Client Loop
<<2018-11-24 22:00:53.956111>> Control: Enterting Client Loop
<<2018-11-24 22:00:53.956320>> Control: Enterting Client Loop
<<2018-11-24 22:00:53.956531>> Control: Enterting Client Loop
<<2018-11-24 22:00:53.956737>> Control: Enterting Client Loop
<<2018-11-24 22:00:53.956949>> Control: Enterting Client Loop
<<2018-11-24 22:00:53.957150>> Control: Enterting Client Loop
<<2018-11-24 22:00:53.957359>> Control: Enterting Client Loop
<<2018-11-24 22:00:53.957573>> Control: Enterting Client Loop
<<2018-11-24 22:00:53.957777>> Control: Enterting Client Loop
<<2018-11-24 22:00:53.957983>> Control: Enterting Client Loop
<<2018-11-24 22:00:53.958188>> Control: Enterting Client Loop
<<2018-11-24 22:00:53.958464>> Control: Enterting Client Loop
<<2018-11-24 22:00:53.958678>> Control: Enterting Client Loop
<<2018-11-24 22:00:53.958885>> Control: Enterting Client Loop
<<2018-11-24 22:00:53.959094>> Control: Enterting Client Loop
<<2018-11-24 22:00:53.959309>> Control: Enterting Client Loop
<<2018-11-24 22:00:53.959526>> Control: Enterting Client Loop
<<2018-11-24 22:00:53.959732>> Control: Enterting Client Loop
<<2018-11-24 22:00:53.960000>> Control: Enterting Client Loop
<<2018-11-24 22:00:53.960224>> Control: Enterting Client Loop
<<2018-11-24 22:00:53.960426>> Control: Enterting Client Loop
<<2018-11-24 22:00:53.960636>> Control: Enterting Client Loop
<<2018-11-24 22:00:53.960842>> Control: Enterting Client Loop
<<2018-11-24 22:00:53.961053>> Control: Enterting Client Loop
<<2018-11-24 22:00:53.961261>> Control: Enterting Client Loop
<<2018-11-24 22:00:53.961471>> Control: Enterting Client Loop
<<2018-11-24 22:00:53.961676>> Control: Enterting Client Loop
<<2018-11-24 22:00:53.961887>> Control: Enterting Client Loop
<<2018-11-24 22:00:53.962090>> Control: Enterting Client Loop
<<2018-11-24 22:00:53.962376>> Control: Enterting Client Loop
<<2018-11-24 22:00:53.962590>> Control: Enterting Client Loop
<<2018-11-24 22:00:53.962797>> Control: Enterting Client Loop
<<2018-11-24 22:00:53.963004>> Control: Enterting Client Loop
<<2018-11-24 22:00:53.963220>> Control: Enterting Client Loop
<<2018-11-24 22:00:53.963430>> Control: Enterting Client Loop
<<2018-11-24 22:00:53.963637>> Control: Enterting Client Loop
<<2018-11-24 22:00:53.963843>> Control: Enterting Client Loop
<<2018-11-24 22:00:53.964055>> Control: Enterting Client Loop
<<2018-11-24 22:00:53.964263>> Control: Enterting Client Loop
<<2018-11-24 22:00:53.964471>> Control: Enterting Client Loop
<<2018-11-24 22:00:53.964676>> Control: Enterting Client Loop
<<2018-11-24 22:00:53.964888>> Control: Enterting Client Loop
<<2018-11-24 22:00:53.965100>> Control: Enterting Client Loop
<<2018-11-24 22:00:53.965306>> Control: Enterting Client Loop
<<2018-11-24 22:00:53.965507>> Control: Enterting Client Loop
<<2018-11-24 22:00:53.965715>> Control: Enterting Client Loop
<<2018-11-24 22:00:53.965921>> Control: Enterting Client Loop
<<2018-11-24 22:00:53.966135>> Control: Enterting Client Loop
<<2018-11-24 22:00:53.966394>> Control: Enterting Client Loop
<<2018-11-24 22:00:53.966606>> Control: Enterting Client Loop
<<2018-11-24 22:00:53.966813>> Control: Enterting Client Loop
<<2018-11-24 22:00:53.967025>> Control: Enterting Client Loop
<<2018-11-24 22:00:53.967242>> Control: Enterting Client Loop
<<2018-11-24 22:00:53.967463>> Control: Enterting Client Loop
<<2018-11-24 22:00:53.967679>> Control: Enterting Client Loop
<<2018-11-24 22:00:53.967892>> Control: Enterting Client Loop
<<2018-11-24 22:00:53.968108>> Control: Enterting Client Loop
<<2018-11-24 22:00:53.968318>> Control: Enterting Client Loop
<<2018-11-24 22:00:53.968527>> Control: Enterting Client Loop
<<2018-11-24 22:00:53.968746>> Control: Enterting Client Loop
<<2018-11-24 22:00:53.968957>> Control: Enterting Client Loop
<<2018-11-24 22:00:53.969164>> Control: Enterting Client Loop
<<2018-11-24 22:00:53.969372>> Control: Enterting Client Loop
<<2018-11-24 22:00:53.969585>> Control: Enterting Client Loop
<<2018-11-24 22:00:53.969788>> Control: Enterting Client Loop
<<2018-11-24 22:00:53.969994>> Control: Enterting Client Loop
<<2018-11-24 22:00:53.970230>> Control: Enterting Client Loop
<<2018-11-24 22:00:53.970448>> Control: Enterting Client Loop
<<2018-11-24 22:00:53.970655>> Control: Enterting Client Loop
<<2018-11-24 22:00:53.970867>> Control: Enterting Client Loop
<<2018-11-24 22:00:53.971071>> Control: Enterting Client Loop
<<2018-11-24 22:00:53.971286>> Control: Enterting Client Loop
<<2018-11-24 22:00:53.971487>> Control: Enterting Client Loop
<<2018-11-24 22:00:53.971694>> Control: Enterting Client Loop
<<2018-11-24 22:00:53.971904>> Control: Enterting Client Loop
<<2018-11-24 22:00:53.972106>> Control: Enterting Client Loop
<<2018-11-24 22:00:53.972310>> Control: Enterting Client Loop
<<2018-11-24 22:00:53.972512>> Control: Enterting Client Loop
<<2018-11-24 22:00:53.972712>> Control: Enterting Client Loop
<<2018-11-24 22:00:53.972921>> Control: Enterting Client Loop
<<2018-11-24 22:00:53.973125>> Control: Enterting Client Loop
<<2018-11-24 22:00:53.973326>> Control: Enterting Client Loop
<<2018-11-24 22:00:53.973532>> Control: Enterting Client Loop
<<2018-11-24 22:00:53.973735>> Control: Enterting Client Loop
<<2018-11-24 22:00:53.973942>> Control: Enterting Client Loop
<<2018-11-24 22:00:53.974147>> Control: Enterting Client Loop
<<2018-11-24 22:00:53.974375>> Control: Enterting Client Loop
<<2018-11-24 22:00:53.974582>> Control: Enterting Client Loop
<<2018-11-24 22:00:53.974782>> Control: Enterting Client Loop
<<2018-11-24 22:00:53.974982>> Control: Enterting Client Loop
<<2018-11-24 22:00:53.975187>> Control: Enterting Client Loop
<<2018-11-24 22:00:53.975399>> Control: Enterting Client Loop
<<2018-11-24 22:00:53.975615>> Control: Enterting Client Loop
<<2018-11-24 22:00:53.975822>> Control: Enterting Client Loop
<<2018-11-24 22:00:53.976024>> Control: Enterting Client Loop
<<2018-11-24 22:00:53.976234>> Control: Enterting Client Loop
<<2018-11-24 22:00:53.976442>> Control: Enterting Client Loop
<<2018-11-24 22:00:53.976654>> Control: Enterting Client Loop
<<2018-11-24 22:00:53.976867>> Control: Enterting Client Loop
<<2018-11-24 22:00:53.977081>> Control: Enterting Client Loop
<<2018-11-24 22:00:53.977292>> Control: Enterting Client Loop
<<2018-11-24 22:00:53.977505>> Control: Enterting Client Loop
<<2018-11-24 22:00:53.977713>> Control: Enterting Client Loop
<<2018-11-24 22:00:53.977920>> Control: Enterting Client Loop
<<2018-11-24 22:00:53.978124>> Control: Enterting Client Loop
<<2018-11-24 22:00:53.978358>> Control: Enterting Client Loop
<<2018-11-24 22:00:53.978570>> Control: Enterting Client Loop
<<2018-11-24 22:00:53.978772>> Control: Enterting Client Loop
<<2018-11-24 22:00:53.978979>> Control: Enterting Client Loop
<<2018-11-24 22:00:53.979181>> Control: Enterting Client Loop
<<2018-11-24 22:00:53.979383>> Control: Enterting Client Loop
<<2018-11-24 22:00:53.979587>> Control: Enterting Client Loop
<<2018-11-24 22:00:53.979785>> Control: Enterting Client Loop
<<2018-11-24 22:00:53.979985>> Control: Enterting Client Loop
<<2018-11-24 22:00:53.980173>> Control: Enterting Client Loop
<<2018-11-24 22:00:53.980384>> Control: Enterting Client Loop
<<2018-11-24 22:00:53.980569>> Control: Enterting Client Loop
<<2018-11-24 22:00:53.980776>> Control: Enterting Client Loop
<<2018-11-24 22:00:53.980969>> Control: Enterting Client Loop
<<2018-11-24 22:00:53.981164>> Control: Enterting Client Loop
<<2018-11-24 22:00:53.981352>> Control: Enterting Client Loop
<<2018-11-24 22:00:53.981532>> Control: Enterting Client Loop
<<2018-11-24 22:00:53.981716>> Control: Enterting Client Loop
<<2018-11-24 22:00:53.981901>> Control: Enterting Client Loop
<<2018-11-24 22:00:53.982082>> Control: Enterting Client Loop
<<2018-11-24 22:00:53.982381>> Control: Enterting Client Loop
<<2018-11-24 22:00:53.982611>> Control: Enterting Client Loop
<<2018-11-24 22:00:53.982817>> Control: Enterting Client Loop
<<2018-11-24 22:00:53.983043>> Control: Enterting Client Loop
<<2018-11-24 22:00:53.983248>> Control: Enterting Client Loop
<<2018-11-24 22:00:53.983469>> Control: Enterting Client Loop
<<2018-11-24 22:00:53.983673>> Control: Enterting Client Loop
<<2018-11-24 22:00:53.983893>> Control: Enterting Client Loop
<<2018-11-24 22:00:53.984112>> Control: Enterting Client Loop
<<2018-11-24 22:00:53.984334>> Control: Enterting Client Loop
<<2018-11-24 22:00:53.984532>> Control: Enterting Client Loop
<<2018-11-24 22:00:53.984797>> Control: Enterting Client Loop
<<2018-11-24 22:00:53.985130>> Control: Enterting Client Loop
<<2018-11-24 22:00:53.985364>> Control: Enterting Client Loop
<<2018-11-24 22:00:53.985582>> Control: Enterting Client Loop
<<2018-11-24 22:00:53.985801>> Control: Enterting Client Loop
<<2018-11-24 22:00:53.986019>> Control: Enterting Client Loop
<<2018-11-24 22:00:53.986251>> Control: Enterting Client Loop
<<2018-11-24 22:00:53.986462>> Control: Enterting Client Loop
<<2018-11-24 22:00:53.986665>> Control: Enterting Client Loop
<<2018-11-24 22:00:53.986870>> Control: Enterting Client Loop
<<2018-11-24 22:00:53.987089>> Control: Enterting Client Loop
<<2018-11-24 22:00:53.987295>> Control: Enterting Client Loop
<<2018-11-24 22:00:53.987485>> Control: Enterting Client Loop
<<2018-11-24 22:00:53.987692>> Control: Enterting Client Loop
<<2018-11-24 22:00:53.987906>> Control: Enterting Client Loop
<<2018-11-24 22:00:53.988113>> Control: Enterting Client Loop
<<2018-11-24 22:00:53.988322>> Control: Enterting Client Loop
<<2018-11-24 22:00:53.988535>> Control: Enterting Client Loop
<<2018-11-24 22:00:53.988739>> Control: Enterting Client Loop
<<2018-11-24 22:00:53.988947>> Control: Enterting Client Loop
<<2018-11-24 22:00:53.989161>> Control: Enterting Client Loop
<<2018-11-24 22:00:53.989369>> Control: Enterting Client Loop
<<2018-11-24 22:00:53.989575>> Control: Enterting Client Loop
<<2018-11-24 22:00:53.989779>> Control: Enterting Client Loop
<<2018-11-24 22:00:53.990042>> Control: Enterting Client Loop
<<2018-11-24 22:00:53.990313>> Control: Enterting Client Loop
<<2018-11-24 22:00:53.990522>> Control: Enterting Client Loop
<<2018-11-24 22:00:53.990725>> Control: Enterting Client Loop
<<2018-11-24 22:00:53.990931>> Control: Enterting Client Loop
<<2018-11-24 22:00:53.991139>> Control: Enterting Client Loop
<<2018-11-24 22:00:53.991337>> Control: Enterting Client Loop
<<2018-11-24 22:00:53.991545>> Control: Enterting Client Loop
<<2018-11-24 22:00:53.991753>> Control: Enterting Client Loop
<<2018-11-24 22:00:53.991964>> Control: Enterting Client Loop
<<2018-11-24 22:00:53.992176>> Control: Enterting Client Loop
<<2018-11-24 22:00:53.992391>> Control: Enterting Client Loop
<<2018-11-24 22:00:53.992611>> Control: Enterting Client Loop
<<2018-11-24 22:00:53.992828>> Control: Enterting Client Loop
<<2018-11-24 22:00:53.993044>> Control: Enterting Client Loop
<<2018-11-24 22:00:53.993257>> Control: Enterting Client Loop
<<2018-11-24 22:00:53.993466>> Control: Enterting Client Loop
<<2018-11-24 22:00:53.993675>> Control: Enterting Client Loop
<<2018-11-24 22:00:53.993879>> Control: Enterting Client Loop
<<2018-11-24 22:00:53.994080>> Control: Enterting Client Loop
<<2018-11-24 22:00:53.994312>> Control: Enterting Client Loop
<<2018-11-24 22:00:53.994529>> Control: Enterting Client Loop
<<2018-11-24 22:00:53.994741>> Control: Enterting Client Loop
<<2018-11-24 22:00:53.994935>> Control: Enterting Client Loop
<<2018-11-24 22:00:53.995129>> Control: Enterting Client Loop
<<2018-11-24 22:00:53.995326>> Control: Enterting Client Loop
<<2018-11-24 22:00:53.995535>> Control: Enterting Client Loop
<<2018-11-24 22:00:53.995740>> Control: Enterting Client Loop
<<2018-11-24 22:00:53.995945>> Control: Enterting Client Loop
<<2018-11-24 22:00:53.996153>> Control: Enterting Client Loop
<<2018-11-24 22:00:53.996363>> Control: Enterting Client Loop
<<2018-11-24 22:00:53.996568>> Control: Enterting Client Loop
<<2018-11-24 22:00:53.996775>> Control: Enterting Client Loop
<<2018-11-24 22:00:53.996986>> Control: Enterting Client Loop
<<2018-11-24 22:00:53.997186>> Control: Enterting Client Loop
<<2018-11-24 22:00:53.997402>> Control: Enterting Client Loop
<<2018-11-24 22:00:53.997614>> Control: Enterting Client Loop
<<2018-11-24 22:00:53.997808>> Control: Enterting Client Loop
<<2018-11-24 22:00:53.998030>> Control: Enterting Client Loop
<<2018-11-24 22:00:53.998257>> Control: Enterting Client Loop
<<2018-11-24 22:00:53.998454>> Control: Enterting Client Loop
<<2018-11-24 22:00:53.998643>> Control: Enterting Client Loop
<<2018-11-24 22:00:53.998833>> Control: Enterting Client Loop
<<2018-11-24 22:00:53.999031>> Control: Enterting Client Loop
<<2018-11-24 22:00:53.999230>> Control: Enterting Client Loop
<<2018-11-24 22:00:53.999419>> Control: Enterting Client Loop
<<2018-11-24 22:00:53.999609>> Control: Enterting Client Loop
<<2018-11-24 22:00:53.999812>> Control: Enterting Client Loop
<<2018-11-24 22:00:53.999997>> Control: Enterting Client Loop
<<2018-11-24 22:00:54.000192>> Control: Enterting Client Loop
<<2018-11-24 22:00:54.000409>> Control: Enterting Client Loop
<<2018-11-24 22:00:54.000623>> Control: Enterting Client Loop
<<2018-11-24 22:00:54.000833>> Control: Enterting Client Loop
<<2018-11-24 22:00:54.001044>> Control: Enterting Client Loop
<<2018-11-24 22:00:54.001256>> Control: Enterting Client Loop
<<2018-11-24 22:00:54.001467>> Control: Enterting Client Loop
<<2018-11-24 22:00:54.001675>> Control: Enterting Client Loop
<<2018-11-24 22:00:54.001881>> Control: Enterting Client Loop
<<2018-11-24 22:00:54.002086>> Control: Enterting Client Loop
<<2018-11-24 22:00:54.002324>> Control: Enterting Client Loop
<<2018-11-24 22:00:54.002536>> Control: Enterting Client Loop
<<2018-11-24 22:00:54.002740>> Control: Enterting Client Loop
<<2018-11-24 22:00:54.002951>> Control: Enterting Client Loop
<<2018-11-24 22:00:54.003158>> Control: Enterting Client Loop
<<2018-11-24 22:00:54.003366>> Control: Enterting Client Loop
<<2018-11-24 22:00:54.003569>> Control: Enterting Client Loop
<<2018-11-24 22:00:54.003829>> Control: Enterting Client Loop
<<2018-11-24 22:00:54.004039>> Control: Enterting Client Loop
<<2018-11-24 22:00:54.004249>> Control: Enterting Client Loop
<<2018-11-24 22:00:54.004451>> Control: Enterting Client Loop
<<2018-11-24 22:00:54.004654>> Control: Enterting Client Loop
<<2018-11-24 22:00:54.004857>> Control: Enterting Client Loop
<<2018-11-24 22:00:54.005061>> Control: Enterting Client Loop
<<2018-11-24 22:00:54.005263>> Control: Enterting Client Loop
<<2018-11-24 22:00:54.005466>> Control: Enterting Client Loop
<<2018-11-24 22:00:54.005673>> Control: Enterting Client Loop
<<2018-11-24 22:00:54.005876>> Control: Enterting Client Loop
<<2018-11-24 22:00:54.006084>> Control: Enterting Client Loop
<<2018-11-24 22:00:54.006317>> Control: Enterting Client Loop
<<2018-11-24 22:00:54.006531>> Control: Enterting Client Loop
<<2018-11-24 22:00:54.006747>> Control: Enterting Client Loop
<<2018-11-24 22:00:54.006960>> Control: Enterting Client Loop
<<2018-11-24 22:00:54.007171>> Control: Enterting Client Loop
<<2018-11-24 22:00:54.007383>> Control: Enterting Client Loop
<<2018-11-24 22:00:54.007593>> Control: Enterting Client Loop
<<2018-11-24 22:00:54.007805>> Control: Enterting Client Loop
<<2018-11-24 22:00:54.008015>> Control: Enterting Client Loop
<<2018-11-24 22:00:54.008226>> Control: Enterting Client Loop
<<2018-11-24 22:00:54.008442>> Control: Enterting Client Loop
<<2018-11-24 22:00:54.008659>> Control: Enterting Client Loop
<<2018-11-24 22:00:54.008876>> Control: Enterting Client Loop
<<2018-11-24 22:00:54.009205>> Control: Enterting Client Loop
<<2018-11-24 22:00:54.009422>> Control: Enterting Client Loop
<<2018-11-24 22:00:54.009639>> Control: Enterting Client Loop
<<2018-11-24 22:00:54.009852>> Control: Enterting Client Loop
<<2018-11-24 22:00:54.010062>> Control: Enterting Client Loop
<<2018-11-24 22:00:54.010300>> Control: Enterting Client Loop
<<2018-11-24 22:00:54.010512>> Control: Enterting Client Loop
<<2018-11-24 22:00:54.010702>> Control: Enterting Client Loop
<<2018-11-24 22:00:54.010891>> Control: Enterting Client Loop
<<2018-11-24 22:00:54.011078>> Control: Enterting Client Loop
<<2018-11-24 22:00:54.011285>> Control: Enterting Client Loop
<<2018-11-24 22:00:54.011496>> Control: Enterting Client Loop
<<2018-11-24 22:00:54.011704>> Control: Enterting Client Loop
<<2018-11-24 22:00:54.011935>> Control: Enterting Client Loop
<<2018-11-24 22:00:54.012142>> Control: Enterting Client Loop
<<2018-11-24 22:00:54.012359>> Control: Enterting Client Loop
<<2018-11-24 22:00:54.012576>> Control: Enterting Client Loop
<<2018-11-24 22:00:54.012788>> Control: Enterting Client Loop
<<2018-11-24 22:00:54.013000>> Control: Enterting Client Loop
<<2018-11-24 22:00:54.013203>> Control: Enterting Client Loop
<<2018-11-24 22:00:54.013409>> Control: Enterting Client Loop
<<2018-11-24 22:00:54.013631>> Control: Enterting Client Loop
<<2018-11-24 22:00:54.013843>> Control: Enterting Client Loop
<<2018-11-24 22:00:54.014064>> Control: Enterting Client Loop
<<2018-11-24 22:00:54.014336>> Control: Enterting Client Loop
<<2018-11-24 22:00:54.014539>> Control: Enterting Client Loop
<<2018-11-24 22:00:54.014733>> Control: Enterting Client Loop
<<2018-11-24 22:00:54.014923>> Control: Enterting Client Loop
<<2018-11-24 22:00:54.015113>> Control: Enterting Client Loop
<<2018-11-24 22:00:54.015309>> Control: Enterting Client Loop
<<2018-11-24 22:00:54.015498>> Control: Enterting Client Loop
<<2018-11-24 22:00:54.015687>> Control: Enterting Client Loop
<<2018-11-24 22:00:54.015881>> Control: Enterting Client Loop
<<2018-11-24 22:00:54.016084>> Control: Enterting Client Loop
<<2018-11-24 22:00:54.016286>> Control: Enterting Client Loop
<<2018-11-24 22:00:54.016492>> Control: Enterting Client Loop
<<2018-11-24 22:00:54.016701>> Control: Enterting Client Loop
<<2018-11-24 22:00:54.016902>> Control: Enterting Client Loop
<<2018-11-24 22:00:54.017114>> Control: Enterting Client Loop
<<2018-11-24 22:00:54.017326>> Control: Enterting Client Loop
<<2018-11-24 22:00:54.017512>> Control: Enterting Client Loop
<<2018-11-24 22:00:54.017705>> Control: Enterting Client Loop
<<2018-11-24 22:00:54.017900>> Control: Enterting Client Loop
<<2018-11-24 22:00:54.018092>> Control: Enterting Client Loop
<<2018-11-24 22:00:54.018321>> Control: Enterting Client Loop
<<2018-11-24 22:00:54.018517>> Control: Enterting Client Loop
<<2018-11-24 22:00:54.018708>> Control: Enterting Client Loop
<<2018-11-24 22:00:54.018903>> Control: Enterting Client Loop
<<2018-11-24 22:00:54.019094>> Control: Enterting Client Loop
<<2018-11-24 22:00:54.019297>> Control: Enterting Client Loop
<<2018-11-24 22:00:54.019502>> Control: Enterting Client Loop
<<2018-11-24 22:00:54.019711>> Control: Enterting Client Loop
<<2018-11-24 22:00:54.019910>> Control: Enterting Client Loop
<<2018-11-24 22:00:54.020110>> Control: Enterting Client Loop
<<2018-11-24 22:00:54.020308>> Control: Enterting Client Loop
<<2018-11-24 22:00:54.020500>> Control: Enterting Client Loop
<<2018-11-24 22:00:54.020688>> Control: Enterting Client Loop
<<2018-11-24 22:00:54.020879>> Control: Enterting Client Loop
<<2018-11-24 22:00:54.021076>> Control: Enterting Client Loop
<<2018-11-24 22:00:54.021274>> Control: Enterting Client Loop
<<2018-11-24 22:00:54.021458>> Control: Enterting Client Loop
<<2018-11-24 22:00:54.021663>> Control: Enterting Client Loop
